26
./11664_S341_spades.fasta
./11665_S342_spades.fasta	99.72
./11666_S343_spades.fasta	99.64	99.65
./11667_S344_spades.fasta	99.60	99.66	99.82
./11668_S345_spades.fasta	99.64	99.71	99.58	99.64
./11669_S346_spades.fasta	99.66	99.67	97.47	97.99	99.66
./11670_S347_spades.fasta	99.64	99.68	99.58	99.58	99.66	99.57
./20031_S348_spades.fasta	94.87	95.15	95.19	95.19	95.18	95.16	95.19
./20045_S349_spades.fasta	94.87	95.15	95.17	95.19	95.16	95.15	95.19	99.27
./30000_S38_L007_contigs.fasta	95.20	95.16	95.20	95.19	95.19	95.20	95.19	97.15	97.02
./30021_S33_L007_contigs.fasta	95.67	95.50	95.67	95.67	95.54	95.66	95.55	97.28	97.28	97.66
./Amaapr1_AssemblyScaffolds_Repeatmasked.fasta	94.62	94.75	94.62	94.73	94.70	94.81	94.69	98.59	98.64	97.01	97.01
./Aus332_S350_spades.fasta	99.37	99.40	99.40	99.43	99.37	99.41	99.37	95.19	95.17	95.19	95.55	94.73
./Frag1_S351_spades.fasta	99.29	99.37	99.37	99.40	99.37	99.36	99.40	95.19	95.19	95.19	95.67	94.73	99.40
./GCA_000827485.1_Amanita_muscaria_Koide_BX008_v1.0_genomic.fna	94.50	94.74	94.61	94.61	94.69	94.69	94.68	96.65	96.60	97.06	97.78	96.51	94.61	94.62
./Gril1_S352_spades.fasta	99.20	99.24	99.26	99.31	99.30	99.32	99.26	95.19	95.08	95.19	95.67	94.84	99.26	99.34	94.73
./Kara3_S353_spades.fasta	99.16	99.35	99.41	99.41	99.38	99.35	99.38	95.19	94.97	95.19	95.67	94.85	99.34	99.38	94.84	99.38
./NagxHevestB_S355_spades.fasta	99.12	99.24	99.32	99.27	99.27	99.33	99.27	95.19	95.08	95.19	95.67	94.84	99.21	99.32	94.73	99.27	99.27
./NagxHevest_S354_spades.fasta	99.08	99.13	99.25	99.21	99.25	99.26	99.21	95.19	95.08	95.20	95.67	94.96	99.21	99.27	94.85	99.27	99.25	99.34
./Nes1_S356_spades.fasta	99.26	99.41	99.46	99.43	99.43	99.47	99.40	95.19	95.19	95.19	95.67	94.84	99.40	99.48	94.73	99.34	99.41	99.32	99.21
./NesPan3_S357_spades.fasta	89.39	89.41	89.45	89.48	89.38	89.45	89.38	89.15	89.17	89.22	89.80	89.45	89.47	89.39	89.30	89.43	89.33	89.40	89.29	89.31
./NzAUS95_S358_spades.fasta	99.30	99.38	99.41	99.44	99.38	99.41	99.41	95.19	95.08	95.20	95.67	94.78	99.45	99.32	94.68	99.27	99.38	99.27	99.21	99.44	89.29
./Ring1_S359_spades.fasta	99.23	99.24	99.28	99.12	99.28	99.31	99.24	95.18	95.15	95.20	95.63	94.75	99.27	99.34	94.63	99.37	99.35	99.28	99.18	99.37	89.48	99.35
./Skrap3_S361_spades.fasta	99.29	99.44	99.46	99.43	99.40	99.46	99.43	95.19	95.08	95.20	95.67	94.84	99.46	99.41	94.62	99.31	99.38	99.27	99.25	99.44	89.38	99.37	99.30
./Sogn5_S362_spades.fasta	99.30	99.37	99.37	99.43	99.40	99.43	99.43	95.19	95.19	95.19	95.67	94.84	99.43	99.47	94.62	99.31	99.38	99.27	99.25	99.44	89.40	99.47	99.36	99.41
./Wirz_S363_spades.fasta	99.24	99.24	99.24	99.30	99.31	99.32	99.30	95.19	95.19	95.19	95.67	94.84	99.32	99.31	94.73	99.38	99.41	99.27	99.25	99.34	89.36	99.27	99.36	99.32	99.31
